100000012
100000013
100000022
100000023
100000027
100000030
100000039
100000042
100000045
100000046
100000051
100000058
100000064
100000069
100000091
100000096
100000099
100000110
100000113
100000115
100000118
100000127
100000130
100000131
100000134
100000154
100000160
100000162
100000171
100000175
100000176
100000186
100000204
100000205
100000209
100000226
100000227
100000228
100000235
100000241
100000244
100000248
100000260
100000263
100000271
100000274
100000275
100000279
100000280
100000282
100000285
100000307
100000313
100000319
100000320
100000322
100000333
100000336
100000337
100000339
100000340
100000349
100000358
100000360
100000365
100000367
100000375
100000376
100000383
100000386
100000388
100000390
100000392
100000406
100000410
100000428
100000429
100000430
100000431
100000432
100000434
100000435
100000436
100000437
100000438
100000439
100000442
100000443
100000444
100000445
100000446
100000447
100000448
100000449
100000450
100000453
100000454
100000457
100000458
100000459
100000460
100000476
100000484
100000490
100000491
100000502
100000503
100000504
100000508
100000511
100000520
100000524
100000525
100000530
100000531
100000533
100000546
100000547
100000554
100000564
100000569
100000581
100000582
100000583
100000584
100000585
100000592
100000593
100000595
100000596
100000611
100000612
100000618
100000623
100000630
100000633
100000636
100000639
100000644
100000645
100000646
100000651
100000653
100000660
100000693
100000700
100000701
100000705
100000706
100000711
100000722
100000726
100000727
100000728
100000730
100000734
100000736
100000741
100000744
100000754
100000758
100000759
100000760
100000767
100000768
100000774
100000782
100000784
100000785
100000789
100000792
100000793
100000798
100000800
100000803
100000804
100000810
100000811
100000812
100000825
100000837
100000841
100000844
100000848
100000850
100000851
100000854
100000855
100000858
100000859
100000867
100000868
100000873
100000876
100000877
100000881
100000888
100000889
100000891
100000894
100000902
100000906
100000907
100000915
100000918
100000919
100000921
100000927
100000929
100000931
100000938
100000952
100000953
100000954
100000955
100000956
100000968
100000969
100000970
100000974
100000981
100000982
100000983
100000985
100000986
100000987
100000989
100000990
100000992
100000993
100000994
100000995
100000997
100000998
100001003
100001004
100001005
100001012
100001015
100001016
100001017
100001018
100001019
100001028
100001031
100001035
100001044
100001052
100001059
100001060
100001062
100001067
100001068
100001075
100001094
100001107
100001110
100001111
100001114
100001133
100001146
100001156
100001161
100001162
100001166
100001167
100001168
100001171
100001175
100001176
100001179
100001181
100001191
100001192
100001210
100001211
100001212
100001213
100001218
100001224
100001231
100001237
100001238
100001239
100001254
100001256
100001261
100001262
100001266
100001267
100001272
100001275
100001295
100001297
100001298
100001302
100001303
100001311
100001313
100001314
100001315
100001316
100001318
100001322
100001330
100001335
100001338
100001350
100001355
100001356
100001368
100001369
100001381
100001382
100001385
100001386
100001388
100001389
100001393
100001397
100001398
100001403
100001404
100001405
100001410
100001419
100001423
100001424
100001426
100001439
100001440
100001441
100001442
100001451
100001452
100001456
100001460
100001461
100001463
100001485
100001487
100001488
100001504
100001505
100001506
100001508
100001511
100001518
100001519
100001522
100001524
100001534
100001538
100001544
100001550
100001566
100001586
100001590
100001594
100001595
100001604
100001614
100001618
100001621
100001624
100001634
100001637
100001639
100001643
100001646
100001648
100001671
100001672
100001674
100001679
100001683
100001687
100001688
100001689
100001697
100001702
100001725
100001729
100001732
100001735
100001738
100001740
100001744
100001745
100001771
100001774
100001775
100001796
100001800
100001801
100001803
100001804
100001805
100001807
100001837
100001841
100001850
100001862
100001866
100001870
100001880
100001883
100001887
100001889
100001893
100001894
100001908
100001911
100001921
100001922
100001924
100001925
100001928
100001932
100001933
100001934
100001937
100001954
100001965
100001968
100001982
100001989
100002013
100002020
100002026
100002030
100002031
100002033
100002039
100002041
100002042
100002046
100002047
100002048
100002055
100002056
100002060
100002064
100002083
100002084
100002086
100002104
100002110
100002115
100002116
100002117
100002129
100002137
100002141
100002142
100002159
100002162
100002163
100002165
100002179
100002180
100002185
100002186
100002189
100002203
100002212
100002214
100002215
100002219
100002222
100002226
100002228
100002229
100002249
100002263
100002265
100002273
100002275
100002276
100002291
100002293
100002295
100002298
100002303
100002306
100002309
100002313
100002314
100002318
100002323
100002324
100002325
100002333
100002336
100002346
100002351
100002352
100002353
100002355
100002372
100002376
100002381
100002387
100002399
100002400
100002401
100002407
100002408
100002411
100002412
100002418
100002424
100002435
100002455
100002457
100002458
100002481
100002488
100002495
100002496
100002504
100002505
100002531
100002540
100002544
100002549
100002557
100002564
100002573
100002598
100002603
100002604
100002614
100002623
100002627
100002629
100002646
100002647
100002649
100002651
100002653
100002654
100002655
100002658
100002660
100002661
100002663
100002671
100002676
100002683
100002684
100002685
100002700
100002702
100002703
100002709
100002711
100002713
100002721
100002722
100002730
100002731
100002739
100002741
100002757
100002764
100002769
100002791
100002806
100002809
100002810
100002813
100002827
100002830
100002834
100002835
100002836
100002843
100002857
100002858
100002860
100002875
100002876
100002877
100002881
100002882
100002883
100002884
100002887
100002888
100002893
100002896
100002897
100002908
100002910
100002912
100002930
100002967
100002968
100002971
100002977
100002978
100002984
100002985
100002987
100002988
100002992
100002996
100003018
100003028
100003034
100003035
100003042
100003048
100003049
100003050
100003052
100003061
100003062
100003069
100003072
100003076
100003080
100003081
100003086
100003087
100003090
100003097
100003101
100003115
100003116
100003125
100003126
100003138
100003139
100003143
100003147
100003151
100003156
100003157
100003171
100003172
100003173
100003192
100003217
100003219
100003222
100003230
100003232
100003239
100003247
100003248
100003249
100003250
100003251
100003255
100003256
100003266
100003267
100003282
100003283
100003288
100003289
100003293
100003304
100003307
100003315
100003319
100003325
100003327
100003330
100003335
100003336
100003340
100003342
100003345
100003349
100003350
100003352
100003355
100003364
100003366
100003369
100003413
100003418
100003421
100003435
100003436
100003437
100003439
100003442
100003452
100003453
100003454
100003477
100003481
100003482
100003483
100003488
100003489
100003498
100003500
100003502
100003509
100003510
100003516
100003529
100003531
100003535
100003536
100003537
100003538
100003539
100003541
100003543
100003553
100003555
100003556
100003572
100003577
100003578
100003581
100003601
100003621
100003630
100003637
100003649
100003687
100003710
100003711
100003714
100003715
100003717
100003719
100003720
100003739
100003742
100003758
100003760
100003776
100003777
100003778
100003779
100003805
100003809
100003813
100003816
100003836
100003846
100003847
100003853
100003862
100003864
100003865
100003899
100003905
100003907
100003916
100003918
100003939
100003942
100003957
100003959
100003994
100004003
100004018
100004051
100004053
100004072
100004098
100004135
100004149
1001001
1001002
1013006
10701
110102
110103
110110
110117
110118
110119
110121
110122
110124
110129
110210
110220
110250
110252
110253
110254
110255
110256
110257
110260
110282
110283
110310
110401
110403
110409
110414
110422
110423
110427
110430
110441
110443
110444
110445
110447
110448
110462
110468
110501
1105100
1105109
1105111
1105122
1105123
110514
110516
1105167
110517
1105170
1105174
1105178
1105180
1105184
110520
110523
110531
110533
110541
110542
110545
110547
110550
110591
110592
110595
110598
110599
110600
110605
110608
110610
110704
110802
110805
110908
110909
110911
110913
110914
110919
110920
110921
110922
110923
110925
110926
110928
110929
110933
110936
111120
111205
111306
111307
112004
120102
120103
120105
120113
120116
120119
120120
120122
120123
120124
120201
120202
120206
120207
120210
120213
120215
120216
120217
120219
120223
120230
120233
120234
120235
120236
120268
120270
120273
120302
120412
120413
120417
120418
120419
120421
120423
120425
120426
120429
120500
120502
120702
120703
120704
120708
120713
120716
120719
120721
120724
120725
120726
120727
120728
120729
121003
121004
121005
121007
121009
121030
121051
121053
121055
121059
121063
121088
121096
121101
121102
121103
121403
130101
130102
130110
130113
130116
130123
130125
130202
130210
130402
130411
130450
130458
130459
130701
130703
131010
131011
131012
140103
140117
140122
140138
140203
140205
140219
140403
140414
140416
140417
140501
140508
140521
140522
140523
140525
140527
140528
140529
140535
140536
140537
140587
140702
140703
140706
140707
140801
140901
140902
141501
141504
141902
141913
141914
141918
150101
150103
150109
150120
150122
150124
150202
150210
150211
150213
150223
150224
150226
150228
150229
150403
150404
150405
150407
150408
150413
150414
150601
150602
150704
150705
150721
150723
150730
151005
151006
160307
160322
160323
161001
161101
170102
170301
170501
180201
180202
190101
190103
190106
190415
190504
190603
190702
190704
190801
200101
200105
200109
200503
200505
200507
200605
200702
200703
200801
200802
201304
201401
201404
201405
210101
210201
210401
210405
210501
210601
210701
211001
240101
240402
240501
270203
270301
270303
290302
310101
310111
310119
330114
330140
330141
330142
330143
330144
330145
330147
330149
330150
330301
330302
330303
340110
340112
340113
340115
340116
340120
340121
340124
340202
340414
340432
340433
340443
340444
340502
340701
348888
360104
360111
360113
360116
360119
360129
360132
360133
360135
360136
360137
360138
360141
360142
360143
360209
381001
381004
390201
390301
390501
400103
400310
400402
400403
400407
401101
401201
401303
401401
401501
401601
410201
410205
410206
410209
410301
410403
410404
410406
410408
410409
410411
4104124
410416
410418
410419
410420
410426
410428
410430
410435
410436
410438
410439
410440
410443
410470
410471
410472
410473
410477
410488
410490
410607
410612
410614
410803
410902
411003
411004
412201
415121
415141
415145
415148
420101
420127
430115
430116
430118
430121
430171
440303
450101
480103
480104
480106
480112
480113
480119
480120
480121
480123
480126
480132
480133
480135
480138
480160
480161
480164
480166
480168
480208
480334
480441
480443
480445
480451
480452
480457
480462
480463
480464
480467
480474
480476
480481
480488
480496
480498
480501
480507
480508
480509
480511
480514
480515
480520
480523
480524
480530
480532
480533
480535
480537
480710
490103
490106
490107
490110
491001
529801
529802
529805
529807
580188
600111
63010101
660101
670102
670103
670104
670203
670205
670206
710102
710103
710201
710202
710205
710206
710207
710301
710303
710307
710310
710403
710404
710405
710406
710603
720101
720102
720104
720105
720106
720108
720109
720202
720203
720204
720302
720303
720401
720402
720403
720701
730102
730103
730204
730207
730212
730304
730310
730602
730603
760102
760103
760104
760201
760202
760203
760204
760205
760206
760207
760208
760209
760210
760302
760303
760304
760305
760401
760402
760404
760405
760406
810101
810201
810202
810203
810204
810301
810303
810304
810306
860102
860103
860105
860107
860108
860201
860218
860219
860224
860305
860501
860601
860603
860701
870101
870202
870203
870302
880103
880105
880204
880301
880302
880305
880501
880502
880603
880604
880606
880607
880608
880609
880610
880618
880619
880701
890405
890406
8905019
8906002
8906005
8906006
8907004
8907005
900201
900208
900413
900604
901104
910106
910188
910220
910247
910250
910319
910573
910588
910591
910630
910631
910633
910880
910883
910922
910925
910980
911121
911126
911128
911130
911135
911136
911137
911138
911139
911140
911145
920203
920301
920302
920305
921701
921801
921811
921812
921813
921814
922002
922101
922104
922201
922301
922302
922502
923004
923102
942101
950101
989678
990104
990114
990116
990119
990120
990121
990122
990125
990126
990127
990130
990132
990134
990137
990208
990210
990217
990218
990220
990223
990225
990226
990227
990228
990230
990232
990233
990234
990235
990242
990251
990253
990260
990261
990268
990401
990404
990408
990410
990411
990414
990415
990417
990418
990420
990425
990427
999999
dashboard-engine
nephele-filewstmp
nephele-upload
nephele
report
report_formal
Titan
