(46056,90)
(1.09225526E-4,90)
(0.023702325,90)
(342.6517044236283,90)
(flt_orders,90)
(1545351,90)
(103390,90)
(0.008276726,90)
(0.012202228,90)
(3.6610000000000005,90)
(7.0,90)
(312,90)
(708.114939302911,90)
(htl_oveactdays,90)
(43334752,270)
(588589,90)
(0.0075706365,90)
(-2,180)
(2.65,90)
(41,180)
(78927,90)
(4.232169E-5,90)
(0.0053540063,90)
(1688,90)
(11605,90)
(0.16226737,90)
(7222,90)
(-5.127000000000001,90)
(0.026547212,90)
(7514693,90)
(75886129,90)
(9.033294E-6,90)
(0.1347825075560326,90)
(0.035537828,90)
(0.0074049323,90)
(116959,90)
(133695,90)
(0.004245356,90)
(2015-09-29 21:24:45,90)
(0.5980000000000001,90)
(1116,90)
(0.0021767642,90)
(201211,90)
(htl_isover30days,90)
(2378,90)
(1439.0,90)
(88870654,90)
(4086453,90)
(base_age,90)
(788742,90)
(0.0019539718,90)
(583975,90)
(4.5095512E-4,90)
(0.003824928,90)
(hp,90)
(469.61,90)
(2015-12-01 11:42:24,90)
(0.9601003,90)
(31,90)
(5395066,90)
(123638,90)
(751592,90)
(0.017630965,90)
(5.5387616E-4,90)
(副总经理,90)
(0.66493195,540)
(181744,90)
(294,90)
(0.0072607347,90)
(female,90)
(8071718,90)
(0.97757983,90)
(88161707,360)
(0.04151465,90)
(69,90)
(0.8440000000000001,90)
(0.5311909526162405,180)
(448221,90)
(-4.894,90)
(8.3915517E-4,90)
(849760,90)
(-4.2330000000000005,180)
(3189948,90)
(8.906071E-4,90)
(36,90)
(0.2487217,90)
(-5.0120000000000005,90)
(0.00813096,90)
(0.5989085,90)
(363.54,90)
(0.006317626,90)
(0.8998874,90)
(0.045999999999999985,90)
(251374,90)
(2.37,90)
(460546,90)
(703711,90)
(0.5270000000000001,90)
(0.002787855,90)
(flt_actdays,90)
(6587,90)
(92435827,12150)
(0.1640000000000001,90)
(ln_allord_total_price_date,90)
(207.48126851193888,90)
(0.12730756,90)
(0.02426875,90)
(-5.18,90)
(2585353,90)
(3.7117643E-5,90)
(1769,90)
(0.021586911317405102,90)
(0.020843998,90)
(5.693031E-4,90)
(0.0034575232,90)
(3.55,90)
(10,630)
(572,90)
(2442801,90)
(0.009067739,90)
(-5.16,90)
(10431,90)
(5.084433E-5,90)
(259,90)
(2.2718464E-7,180)
(2107,90)
(2575878,90)
(917934,90)
(9019645,90)
(749.12,90)
(0.007933862,90)
(583632,90)
(7385,90)
(32.0,180)
(2015-12-07 17:31:18,90)
(0.0027756123,90)
(82280,90)
(0.0037117968,90)
(68738,90)
(0.51,90)
(106905,90)
(htl_allord_orders,90)
(0.9348913706370583,90)
(4.5436929E-7,90)
(-5.941,90)
(1.19001484E-7,630)
(1866998,90)
(36.59,90)
(86159928,90)
(0.24858093696160788,180)
(1685,90)
(0.0013378471,90)
(1.032,90)
(0.0028454878,90)
(0.019722577,90)
(-4.632999999999999,90)
(0.0076129683,90)
(618852,90)
(5199859,90)
(base_identity,90)
(0.0063675423,90)
(0.022420203,90)
(0.06617109619195596,180)
(base_city,90)
(138178,90)
(2015-05-26 13:01:13,90)
(0.0036647697,90)
(1237,90)
(44.77170305533665,90)
(htl_offlineorder,90)
(0.006474243,90)
(2015-06-26 23:24:05,90)
(-5.07,90)
(3.894594E-7,90)
(84782997,90)
(8.655843E-4,90)
(5.75,90)
(1354,180)
(72950241,90)
(-4.45,180)
(136367,90)
(148,90)
(24,630)
(htl_ishtluser,90)
(1846,90)
(0.041546807,90)
(-4.5120000000000005,90)
(20.76274829023537,90)
(-7.431,90)
(0.021869194,90)
(-5.05101250081431,90)
(8272,90)
(-5.140000000000001,90)
(3837441,90)
(7.21,90)
(81148,90)
(1.95,90)
(105,90)
(23321.0,90)
(0.026426995,90)
(429812,540)
(641822,90)
(79492,90)
(19070635,90)
(1375,90)
(0.03565270206323788,90)
(base_gender,90)
(27,450)
(6115,90)
(0.0033642615,90)
(0.0781072,90)
(0.9537612,360)
(0.043883223,90)
(623,90)
(2.5086463E-6,90)
(86457560,90)
(1875,90)
(0.20900000000000013,90)
(0.066171095,180)
(388882,90)
(79,90)
(17026,90)
(150360,90)
(163705,90)
(D271015819,90)
(4.43551E-7,90)
(2.54,180)
(0.016718097,90)
(flt_isfltuser,90)
(0.040661965,90)
(396394,90)
(494.18,90)
(0.0014108492,90)
(0.010614197,90)
(0.45513004,90)
(10695,180)
(0.67151666,90)
(0.7936878522220611,90)
(232420,90)
(2015-12-08 09:18:16,90)
(117151,90)
(0.015325305,90)
(1127923,90)
(0.027000178,90)
(0.43,90)
(4,2700)
(0.009619701,90)
(0.07331698,90)
(0.016266625,90)
(0.027969167,90)
(4.48,90)
(0.9008145294140117,90)
(0.003162248,90)
(0.0011926328,90)
(432.2,90)
(355191,90)
(0.14930955,90)
(2.629326840265085,90)
(92435485,90)
(0.0011438747,90)
(792324,90)
(6018370,90)
(0.33903610772044046,90)
(3,3420)
(82324,90)
(1.6227474E-7,90)
(0.008466177,90)
(575703,90)
(1503619,90)
(2.51,180)
(1575,90)
(6.203720928704595,90)
(66,270)
(_CFT0100000014032885,90)
(htl_actdays,90)
(4.4821366E-4,90)
(2014-08-29 21:02:42,180)
(base_issbunewuser,90)
(0.021586912,90)
(-7.0,90)
(0.012706849,90)
(28.0,90)
(8959,90)
(29.0,90)
(1267,90)
(77568,90)
(0.003680679,90)
(0.0053279107,90)
(158,90)
(2131,90)
(0.9872934,90)
(1752,90)
(0.014615692,90)
(-1.574,90)
(768.85,90)
(451472,90)
(100,90)
(88170217,90)
(230493.0,90)
(-3.0889999999999995,90)
(-4.206,90)
(82696,90)
(0.9999933,90)
(2015-12-08 22:45:35,90)
(0.204,90)
(0.0039203186,90)
(,9)
(2.52,90)
(988575.0,90)
(-4.039,90)
(f,90)
(2.4591376E-5,90)
(5.6036713E-4,90)
(68,180)
(52624,90)
(37075227,90)
(3.1237694E-5,90)
(1366751,90)
(87383209,90)
(2015-12-02 09:58:24,90)
(363,90)
(0.080813825,90)
(0.95631427,90)
(8.5485255E-4,90)
(-4.151,90)
(0.4696616117907529,90)
(0.027531708,90)
(0.7450000000000002,90)
(0.03159471,90)
(1.0818317E-8,900)
(6044654,90)
(1024.44,90)
(N/A,49230)
(677729,90)
(151782,90)
(7.478,90)
(8.946315E-4,90)
(fp,90)
(0.004884167,90)
(191383,90)
(1792,90)
(73365193,90)
(0.008407758,90)
(0.018864611,90)
(80011,90)
(0.0011565321,90)
(htl_monetary,90)
(2.29,90)
(htl_ovequantity,90)
(13470,90)
(28,180)
(42070321,90)
(1438.0,180)
(hfp,90)
(0.03961267,90)
(25,540)
(41431,90)
(0.0038425687,90)
(611.0706155714599,90)
(91533386,90)
(-4.965999999999999,90)
(0.34400000000000003,90)
(0.9535738,90)
(1225,90)
(-5.22,90)
(4274120,90)
(d,90)
(0.7891987702993126,90)
(0.4979826162310481,90)
(848.86,90)
(0.014227151,90)
(2014-09-03 11:18:29,90)
(555.4314685128462,90)
(0.002040897,90)
(flt_oveorders,90)
(2.48,90)
(13801551,90)
(7346,90)
(0.14533037045703692,90)
(3.68,90)
(0.14804572752150946,90)
(91144086,90)
(age_40_50,90)
(0.0011080444,90)
(0.3284833232303281,90)
(0.004169265,90)
(-4.752,90)
(909777,90)
(6116580,180)
(5.24,180)
(22,720)
(1197,90)
(151007,90)
(0.27940917,90)
(1.4063812E-7,180)
(0.012382266,90)
(0.05625372,90)
(2015-05-26 13:01:26,270)
(3.078880075362987,90)
(6149,90)
(22990796,90)
(699798,90)
(130413,90)
(0.0020494652,90)
(0.0,23760)
(90440423,90)
(0.001337555,90)
(2015-05-26 13:01:25,90)
(8.54647E-7,90)
(6.4801716E-4,90)
(2.94,90)
(4.2663113E-4,90)
(-1.0,90)
(7008,90)
(836881,90)
(3070320,90)
(0.029264769,90)
(0.0020704418,90)
(14261,90)
(0.3096700265363559,90)
(0.0012673766,90)
(0.0015105399,90)
(16,360)
(0.0021421565,90)
(董事长,90)
(531.07,90)
(1582,90)
(439,90)
(0.002514393,90)
(916.2262171060513,90)
(0.0025517056,90)
(12108127,90)
(0.40146318868202596,90)
(0.0035736554,90)
(0.11350581,90)
(0.0021603205,90)
(92035658,90)
(83267536,90)
(0.004288316,90)
(19070634,180)
(1199,90)
(433,90)
(102350,90)
(13802237,90)
(306,90)
(2920483,90)
(75.63,90)
(4.26,180)
(8477,90)
(6327,90)
(-2.3,90)
(2014-12-05 16:34:27.0,90)
(-4.244000000000001,180)
(0.01022399,90)
(0.0014752614,90)
(92380895,90)
(5.750692E-4,90)
(8,2160)
(0.04623878141967616,90)
(1.275798051766227,90)
(1.0,1530)
(429148.0,90)
(3304,90)
(338756,90)
(-5.21,90)
(6017502,90)
(1144565,90)
(-4.522,180)
(953492,90)
(0.0034898978,90)
(40,180)
(base_country,90)
(61463531,540)
(50,180)
(-5.1000000000000005,180)
(87,90)
(2.14,90)
(0.051434517,90)
(16.62,90)
(63835,90)
(2015-12-02 18:32:36,90)
(90363397,90)
(0.9902371,90)
(214576,90)
(0.0026293446,90)
(12,450)
(765066,90)
(1489554,90)
(0.12185544680635572,90)
(0.0028500834,90)
(D27940343,90)
(1701,90)
(79019,90)
(0.028026206,90)
(1789007,90)
(0.036818422,90)
(42,180)
(19,630)
(-6.753000000000001,90)
(5.48,90)
(598.78,90)
(-5,540)
(0.179614923551233,90)
(105735,90)
(11596,90)
(116520,90)
(0.04482098,90)
(-5.148,90)
(8600,90)
(2452474,90)
(902441,90)
(0.0017710126,90)
(1.9021846E-4,90)
(2014-09-28 16:14:21,90)
(0.0034689584,90)
(1337,90)
(0.22621465808922767,90)
(0.96,90)
(0.0023865313,90)
(1.4130885E-4,90)
(0.002385845,90)
(0.010315178,90)
(2.0,180)
(-5.23,90)
(4.01,90)
(0.0015541702,90)
(1500,90)
(htl_allord_total_price,90)
(135.0,90)
(9.4544515E-4,90)
(60,90)
(30.0,180)
(111039,90)
(1.8808195224996473,90)
(-4.597,90)
(0.49011948947863854,90)
(0.0031229127,90)
(0.09832384239313113,90)
(1093,90)
(base_issbuorderuser,90)
(60413010,90)
(51198,90)
(608060,90)
(0.0016266421,90)
(2132835,90)
(0.014306255,90)
(0.8900000000000001,90)
(4.925416321554489,90)
(htl_numorderholiday,90)
(1063154,90)
(0.12071808,90)
(31.0,90)
(5.0,90)
(246213,90)
(73,90)
(212,90)
(1446,90)
(0.016000000000000042,90)
(73.30412929984277,90)
(5103,90)
(0.46880907,90)
(0.021306025,90)
(0.1290000000000001,90)
(596,90)
(0.0040762005,90)
(-7,180)
(9173121,90)
(0.23271708,90)
(0.002321351,90)
(0.06539298,90)
(50365506,90)
(805136,90)
(319599,90)
(0.54486996,90)
(392423,90)
(0.2039624,90)
(19986,90)
(235869,90)
(0.0018987071,90)
(联系人,90)
(3165065,90)
(434,90)
(0.0113759795,90)
(531027,90)
(15820,90)
(991,90)
(0.034509867,90)
(13062,90)
(6282,90)
(0.91076994,90)
(0.04587586,90)
(0.038714361261678334,90)
(2083,90)
(0.004362372,90)
(2452942,90)
(-4.978,90)
(35.0,90)
(-0.023999999999999966,90)
(2015-03-17 13:17:46,90)
(2021497,90)
(331326,90)
(unknow,900)
(0.0014948533,90)
(0.19651701715180198,90)
(0.0063460027,90)
(7.194613E-4,90)
(2015-05-26 13:01:16,270)
(6.9526077E-4,90)
(0.0049579814,90)
(88043001,90)
(2015-12-08 13:01:05,90)
(379,90)
(0.5311968,90)
(90,180)
(-4.198,90)
(htl_priceprefer,90)
(981132,90)
(66874,90)
(2015-11-25 09:20:36,90)
(1.1868775E-4,90)
(0,85320)
(198012,90)
(ln_allord_quantity_date,90)
(586598,90)
(0.016304802,90)
(ln_allord_orders_date,90)
(83790482,90)
(114324,90)
(1948,90)
(4.94,90)
(6.439784599857027,90)
(599326,90)
(17477,90)
(19058939,90)
(38,90)
(70,180)
(base_firstordertime_ctrip,90)
(509,90)
(htl_avgstar,90)
(406029.0,90)
(0.11200617830102458,90)
(0.02858631,90)
(2.5,90)
(404.8206902745284,90)
(1834,90)
(1051548,90)
(188,90)
(19485586,90)
(370.89,90)
(2015-05-26 13:01:06,180)
(139628,90)
(88397692,90)
(2650,90)
(90028980,90)
(188652,90)
(0.9993868,90)
(0.0016336415,90)
(265213,90)
(D30376436,90)
(291132,90)
(0.0097628925,90)
(0.0018725848,90)
(1388,90)
(1.9272832E-4,90)
(-4.99,90)
(1424,90)
(0.004440789,90)
(89510473,90)
(0.012706847962749335,90)
(0.0040364764,90)
(0.0018066913,90)
(1390,90)
(_NOCARD18971106348,90)
(33.0,90)
(0.0018343707,90)
(0.0037225578,90)
(6623203,90)
(13,180)
(-4.086,180)
(0.0052705756,90)
(2326971.0,90)
(2164628,90)
(520946,90)
(0.011016973,90)
(总裁,90)
(689.45,90)
(base_province,90)
(23,720)
(30972296,90)
(18622,90)
(514.86,90)
(102423,90)
(123521,90)
(7578,90)
(10794410,90)
(M,90)
(uid,90)
(92435205,90)
(0.7936878414037449,90)
(0.017091194,90)
(htl_orders,90)
(267126,90)
(2.12,90)
(2.3,90)
(24811469,90)
(1.83,90)
(-5.035,90)
(1004,90)
(0.499026176141985,90)
(0.081296325,90)
(71,90)
(-4.36,90)
(92419788,90)
(374.24750611865386,90)
(9168291,90)
(1983,180)
(-5.216,90)
(2014-12-12 22:22:06,90)
(385826,90)
(143661,90)
(flt_ovequantity,90)
(111,90)
(8248059,90)
(5838823.0,90)
(477,180)
(59900,90)
(2015-10-31 19:45:25,90)
(0.046238784,90)
(2.17,90)
(5246706,90)
(1018363,90)
(0.93210536,90)
(0.014395945,90)
(0.022814626,90)
(htl_mobileorder,90)
(0.3284833,90)
(532,180)
(2.49,90)
(3003198796,90)
(98,90)
(1950807,90)
(总经理,90)
(0.7190000000000002,90)
(-3.9240000000000004,90)
(2.596396E-7,540)
(0.96289986,90)
(0.0019661642,90)
(1.297240367967136,90)
(2.675478E-4,90)
(403,90)
(136.84235841383213,90)
(-4.33667277088592,90)
(0.0065781856,90)
(4.66,90)
(9806,90)
(92111999,90)
(51798,90)
(-4.274,90)
(0.0024579107,90)
(0.2043951323282683,90)
(0.11697215626144612,90)
(0.2525023489968931,90)
(4143064,90)
(24841516,90)
(0.039295208,90)
(0.9064719,90)
(2015-11-24 14:06:03,90)
(StringType,1350)
(430.05,90)
(889205,90)
(0.4596075795929385,90)
(90443,90)
(0.019245625,90)
(1456901,90)
(0.47201426362145965,90)
(0.4551300330768934,90)
(4.982484E-4,90)
(17330,90)
(0.0028691583,90)
(0.0011226492,90)
(77129567,90)
(4.73,180)
(2015-11-23 12:37:33,90)
(0.019478284,90)
(1995404,90)
(6697475.0,90)
(524,90)
(-0.003999999999999962,90)
(0.9784131,90)
(0.004341433,90)
(5.55,90)
(htl_avgroomnum,90)
(517,90)
(2.8127624E-7,180)
(3.3015790857151317,90)
(4.05,90)
(641,90)
(2.9999019E-6,90)
(0.009034171,90)
(256566,90)
(2687673,90)
(0.0046276045,90)
(423.65,90)
(0.0012367932,90)
(1.7309307E-7,180)
(0.2683131,90)
(0.021104448,90)
(17,180)
(0.82096016,90)
(htl_starprefer,90)
(6.13,180)
(49101611,90)
(220601,90)
(0.001201255,90)
(180617,90)
(0.0014463548,90)
(2014-08-28 09:40:39,90)
(0.003229319,90)
(3.15,90)
(4.77,90)
(0.0022801657,90)
(92434310,90)
(0.9953501578992743,540)
(0.043685824,90)
(55360600,90)
(888.82,90)
(0.018903973,90)
(0.027866663,90)
(0.004227041,90)
(766184,90)
(89422364,90)
(-4.927,90)
(263025,90)
(441.82,90)
(0.9453392,90)
(-4.355,90)
(0.49500000000000005,90)
(D70141799,90)
(1.0633323E-4,90)
(168,90)
(91436499,90)
(2015-05-26 13:00:36,90)
(61463768,90)
(73365192,90)
(2.23,90)
(2015-05-26 13:00:29,90)
(-4.401,90)
(0.006747514,90)
(1600,90)
(368355,90)
(4.59,90)
(0.03132998,90)
(0.071651906,90)
(4.16,90)
(0.314160538942514,90)
(83178139,90)
(373115,90)
(551.09,90)
(123665,90)
(893918,90)
(0.8998474,90)
(367,90)
(92112666,90)
(0.023073684,90)
(65,180)
(0.9860256,90)
(-5.2,90)
(0.04368582108320403,90)
(首席顾问,90)
(isanonymous,90)
(-4,540)
(0.0147859445,90)
(43334703,90)
(3.057306E-5,90)
(20,540)
(67,180)
(6260,90)
(4038135,90)
(1954.0,90)
(5,2610)
(11627282,90)
(1717332,90)
(838184,90)
(0.047266476,90)
(3.2721474E-7,180)
(167003,90)
(5.08,90)
(6.0136855E-4,90)
(199691,90)
(-5.053,90)
(90047059,90)
(410488,90)
(0.0012326065,90)
(0.003149558,90)
(120811,90)
(166028,90)
(htl_oveorders,90)
(2015-12-09,90)
(517288,90)
(207,90)
(10084737,90)
(18853432,90)
(2.9209454E-7,450)
(158449,90)
(405863,90)
(0.0011072546,90)
(90385,90)
(968671,90)
(2015-11-06 10:35:47,90)
(1.354819946356602,90)
(0.116777346,90)
(8372,90)
(0.3350680899950189,90)
(951,90)
(0.004902143,90)
(735,180)
(0.0042792065,90)
(0.04533671,90)
(2.8668539E-5,90)
(9168278,90)
(0.009388124,90)
(2544916,90)
(2.1814316E-7,180)
(0.17846021975873055,90)
(0.7260000000000002,90)
(0.0018172021,90)
(177562,90)
(5.44,90)
(6,2610)
(33395313,90)
(0.5978740472565902,90)
(86746123,90)
(0.0051790085,90)
(12046,90)
(782578,90)
(246376,90)
(2.33,180)
(0.01047939,90)
(9829,90)
(86,90)
(0.0035843896,90)
(0.016802695,90)
(61139,90)
(91261280,90)
(htl_oveorders_orders,90)
(0.3350681,90)
(3.0,90)
(1330701,90)
(2705113,90)
(0.034240674,90)
(184,90)
(F,90)
(0.4120000000000001,90)
(2.43,90)
(24731,90)
(14198.58,90)
(777178,90)
(1174568,270)
(0.4010915269898543,90)
(339,90)
(92258124,90)
(54.21493435501745,90)
(7.436294E-4,90)
(29,180)
(0.0016420257,90)
(flt_isoveuser,90)
(0.111056656,90)
(1491,90)
(227199,90)
(副会长,90)
(0.46880904738375956,90)
(flt_quantity,90)
(449.84,90)
(2.395053069714201,90)
(-4.4750000000000005,90)
(31268522,90)
(0.40109155,90)
(0.3855227164490839,90)
(0.005635759,90)
(htl_onlineorder,90)
(2015-12-07 16:40:04,90)
(78748,90)
(0.0029478003,90)
(792064,90)
(835081,90)
(83303,90)
(141958,90)
(htl_mobileorder_orders,90)
(304,90)
(-4.976,90)
(0.14093253,90)
(39436,90)
(382.18,90)
(437,90)
(2.81,90)
(0.0026653735,90)
(0.01995742,90)
(2015-05-26 13:00:42,180)
(2.939334E-4,90)
(0.6360000000000001,90)
(0.099237725,90)
(606,90)
(6.696165E-5,90)
(344088,90)
(2.53,90)
(61463635,90)
(htl_firstorderdate,90)
(-4.303,90)
(D85129258,90)
(599498.0,90)
(1741043,90)
(88747660,90)
(15946056929,90)
(0.0873224,90)
(0.109725356,90)
(66504,90)
(0.6930000000000001,90)
(1.626785412976291,90)
(1536,90)
(53157,90)
(2642399,90)
(-5.12,90)
(390730,90)
(4630,90)
(0.0026636103,90)
(92024767,90)
(8.166434073724083,90)
(2.2899170253542493,90)
(-6,630)
(0.531191,450)
(投资部总经理,90)
(1969440,90)
(221828,90)
(2015-05-26 13:01:27,90)
(5231288,90)
(591.0,90)
(-4.821999999999999,90)
(0.015761215,90)
(6.43,90)
(91679228,90)
(3.0291287E-7,90)
(1962216,90)
(2015-05-26 13:00:59,180)
(-3,270)
(0.004294901,90)
(15825,90)
(349.29,90)
(729.89,90)
(0.5835597381521778,90)
(13466,90)
(684481,90)
(108,90)
(0.3030000000000001,90)
(9556,180)
(0.033215694,90)
(487190,90)
(0.0026888351,90)
(p,90)
(0.25200000000000017,90)
(htl_numorderholiday_orders,90)
(21.670819109392745,90)
(2.107408E-5,90)
(0.2571324260472623,90)
(4.69,90)
(14999318,90)
(97,90)
(1541171,90)
(-5.295,90)
(0.027726034,90)
(0.009762892044012329,90)
(3.137312E-7,90)
(32,90)
(55588,90)
(0.009192972,90)
(0.018835153,90)
(2.73,90)
(0.1889448016730569,90)
(5755288,90)
(1.0487328E-7,180)
(0.0069434335,90)
(88144386,90)
(IntegerType,3690)
(0.0048489966,90)
(27601706,90)
(2.7045792E-7,450)
(1830,90)
(1513707.0,90)
(htl_cashbackprefer,90)
(2.014587E-4,90)
(0.0036643927,90)
(210769,90)
(-4.186,90)
(0.026979238,90)
(0.19100000000000011,90)
(117,90)
(3.4619693E-4,90)
(-4.866,90)
(80,90)
(0.14900000000000008,90)
(0.0027194435,90)
(671152,90)
(0.0039575445,90)
(4.335498529157964,90)
(130,90)
(1.5730993E-7,90)
(32001,90)
(3.245495E-7,90)
(82490,90)
(6777115,90)
(2072430,90)
(0.001903553,90)
(-4.345000000000001,180)
(0.062262528,90)
(9,1530)
(100.0,90)
(0.3750000000000001,90)
(0.8902693,90)
(367588,90)
(0.9872931520372507,90)
(30,270)
(0.026451552,90)
(0.1690000000000001,90)
(0.5701511987895199,90)
(2226,90)
(0.93382895,180)
(1,14400)
(0.0028898537,90)
(0.018578641,90)
(64267,90)
(4754392,90)
(0.05836553,90)
(1422.0,90)
(458.93,90)
(base_phonetype,90)
(htl_quantity,90)
(htl_allord_quantity,90)
(3632285,90)
(21,180)
(0.3219552077757254,90)
(15,180)
(-6.566,90)
(106,90)
(2.1636633E-7,180)
(0.0027895917,90)
(110242,90)
(3.2073064E-4,90)
(0.024882972,180)
(0.45931092320648303,90)
(86417457,90)
(0.3564913991590675,90)
(0.0037224528,90)
(733373,90)
(3.8593262E-4,90)
(base_grade,90)
(17354,90)
(0.9872931,270)
(2015-05-26 13:00:34,90)
(0.040319953,90)
(0.0015357466,90)
(51,90)
(113942,90)
(3136227.0,90)
(-5.271,90)
(0.95247704,90)
(0.01472039,90)
(-4.709206320137704,90)
(0.030187929,90)
(1952355,90)
(189444,90)
(0.12586093,90)
(2445071,90)
(9.0119825E-4,90)
(0.009842255,90)
(0.562,90)
(-4.338,90)
(flt_lastorderdate,90)
(122,90)
(95,90)
(49101075,630)
(htl_fistorderdays,90)
(17583,90)
(DoubleType,540)
(htl_lastorderdate,90)
(1644,90)
(0.0066949367,90)
(1335554,90)
(-4.502,90)
(92131582,90)
(1189394,90)
(0.014448446,90)
(49101320,90)
(-4.38,90)
(835,90)
(0.08923011,90)
(2015-05-26 13:01:17,90)
(0.0049823322,90)
(0.0017141515,90)
(h,90)
(618.25,90)
(5.243664E-8,90)
(874180,90)
(0.021227874,90)
(2190944,90)
(0.0042111436,90)
(2.05,90)
(1217,90)
(88893867,90)
(1964655,90)
(M125295564,90)
(921015,90)
(0.020828884,90)
(0.003233972,90)
(1810,90)
(0.0065517016,90)
(0.020197775,90)
(997.4944477310188,90)
(0.011501537,90)
(man,90)
(2015-05-26 13:01:15,90)
(副总裁,90)
(8.438287E-7,90)
(494902,90)
(0.12862402,90)
(0.008710216,90)
(11,720)
(flt_generousindex_fltn,90)
(0.0042576753,90)
(640.27,90)
(-0.04399999999999996,90)
(573.01,90)
(2.4882127E-7,450)
(9.78441E-4,90)
(86319247,180)
(49101284,90)
(645575.44,90)
(0.014564508,90)
(0.0039272984,90)
(1.5145643E-7,180)
(6.5834557849523,90)
(447.6,90)
(35674,90)
(0.041283425,90)
(0.1098164314374402,90)
(-4.375,90)
(1.035164E-4,90)
(0.022420202937114414,90)
(406832,90)
(1.0907158E-7,270)
(2015-12-08 20:42:19,90)
(0.0306037,90)
(0.04420854,90)
(83181835,90)
(113937,90)
(26,180)
(87393,90)
(0.008568799,90)
(73824.0,90)
(498440,90)
(flt_oveactdays,90)
(hf,90)
(0.980177539859035,90)
(0.012867241,90)
(288669,90)
(89006438,90)
(598452,90)
(ln_htl_orders_date,90)
(htl_isoveuser,90)
(0.29860398,90)
(0.0023306238,90)
(84187768,90)
(0.021121195,90)
(17815,90)
(8162248,90)
(14,360)
(100997,90)
(415.26,90)
(92006015,540)
(age_30_40,90)
(7,2250)
(6.6142104E-4,90)
(0.8344121,90)
(0.0064836983,90)
(623712,90)
(0.0018213327,90)
(0.022232976,180)
(7.0319055E-7,90)
(0.0031502144,90)
(2164004,90)
(0.025525276038261657,90)
(2,5220)
(5.264639E-5,90)
(292305,90)
(2816,90)
(34,180)
(1989,90)
(0.03680679,90)
(103773,90)
(25.449252606623155,90)
(440.93,90)
(0.0017961435,90)
(34.0,90)
(1.6466253E-4,90)
(0.11040979814028169,90)
(109,90)
(0.009457156,90)
(0.005744818,90)
(1.2937952477758825,90)
(5.520587E-5,90)
(-1,270)
(4.57,90)
(9.778135E-4,90)
(343103,90)
(945063,90)
(0.0023998055,90)
(0.22,90)
(0.4510000000000001,90)
(1005994,90)
(663.74,90)
(flt_fistorderdate,90)
(36.0,90)
(0.2100018012125124,90)
(3.97,180)
(5.3,180)
(0.005392282,90)
(2290,90)
(2.3800297E-7,450)
(6.905872E-4,90)
(1866,90)
(-5.207,90)
(395552,90)
(3431,90)
(10971,90)
(78,180)
(837,90)
(7.989327E-5,90)
(2.01,90)
(29647,90)
(0.93532526,90)
(0.8717819,90)
(0.001920922,90)
(2015-05-19 10:45:42,90)
(540258,90)
(91261259,360)
(0.031339284,90)
(base_productpreference,90)
